Source-Voltage [V]    Capacitance 1 [F]    Dissipation 1     Capacitance 2 [F]    Dissipation 2     Capacitance 3 [F]    Dissipation 3     
1.000000e+00         4.336830e-12         1.455580e-02      4.336110e-12         1.536290e-02      4.341420e-12         1.524030e-02      
2.253165e+00         4.334770e-12         7.997770e-03      4.340710e-12         7.920700e-03      4.340150e-12         9.713280e-03      
3.506329e+00         4.339090e-12         8.168360e-03      4.341110e-12         8.340620e-03      4.339400e-12         9.158370e-03      
4.759494e+00         4.295460e-12         1.299280e-03      4.297280e-12         2.183730e-03      4.302500e-12         2.204100e-03      
6.012658e+00         4.340710e-12         8.019950e-03      4.335910e-12         9.560070e-03      4.343430e-12         8.284780e-03      
7.265823e+00         4.338310e-12         9.332130e-03      4.340210e-12         8.705200e-03      4.340710e-12         8.603350e-03      
8.518987e+00         4.334530e-12         9.713570e-03      4.336400e-12         7.847640e-03      4.345160e-12         8.925950e-03      
9.772152e+00         4.292890e-12         3.384110e-03      4.303680e-12         2.399190e-03      4.295540e-12         1.492980e-03      
1.102532e+01         4.338210e-12         7.831170e-03      4.334390e-12         9.501190e-03      4.343790e-12         8.565930e-03      
1.227848e+01         4.338470e-12         1.037390e-02      4.334380e-12         9.640720e-03      4.336720e-12         8.064530e-03      
1.353165e+01         4.297900e-12         2.151100e-03      4.299050e-12         2.177730e-03      4.298520e-12         2.115540e-03      
1.478481e+01         4.338780e-12         8.852740e-03      4.337260e-12         8.711390e-03      4.337180e-12         9.255820e-03      
1.603797e+01         4.300740e-12         2.456490e-03      4.295660e-12         2.583120e-03      4.297110e-12         1.561400e-03      
1.729114e+01         4.338810e-12         7.994620e-03      4.343370e-12         8.987010e-03      4.337040e-12         9.500400e-03      
1.854430e+01         4.300020e-12         2.697990e-03      4.297560e-12         1.574750e-03      4.295430e-12         2.937910e-03      
1.979747e+01         4.336140e-12         9.228370e-03      4.337060e-12         9.142740e-03      4.335060e-12         9.199730e-03      
2.105063e+01         4.341360e-12         9.736520e-03      4.337330e-12         1.003380e-02      4.334250e-12         8.338840e-03      
2.230380e+01         4.332660e-12         8.532180e-03      4.343780e-12         7.712090e-03      4.332490e-12         1.024360e-02      
2.355696e+01         4.343700e-12         8.614310e-03      4.333150e-12         9.244300e-03      4.342520e-12         7.785310e-03      
2.481013e+01         4.341920e-12         8.493010e-03      4.342360e-12         1.025240e-02      4.336640e-12         9.364510e-03      
2.606329e+01         4.341390e-12         8.802440e-03      4.336010e-12         1.043670e-02      4.334310e-12         8.303660e-03      
2.731646e+01         4.302090e-12         1.499000e-03      4.292280e-12         2.864510e-03      4.302830e-12         2.488170e-03      
2.856962e+01         4.341590e-12         9.063810e-03      4.344020e-12         9.905020e-03      4.334400e-12         1.069790e-02      
2.982278e+01         4.319670e-12         7.869440e-03      4.355330e-12         9.324040e-03      4.328360e-12         1.168660e-02      
3.107595e+01         4.290500e-12         3.589420e-03      4.293650e-12         1.761060e-03      4.296830e-12         1.874830e-03      
3.232911e+01         4.338620e-12         8.892330e-03      4.339730e-12         8.878250e-03      4.336130e-12         8.461820e-03      
3.358228e+01         4.343380e-12         8.739760e-03      4.330520e-12         8.609270e-03      4.344860e-12         9.676310e-03      
3.483544e+01         4.334710e-12         1.035880e-02      4.333480e-12         9.009730e-03      4.335550e-12         8.635610e-03      
3.608861e+01         4.340370e-12         9.666580e-03      4.336610e-12         9.682290e-03      4.335690e-12         9.876320e-03      
3.734177e+01         4.299460e-12         4.054310e-03      4.292490e-12         1.305740e-03      4.303890e-12         2.834750e-03      
3.859494e+01         4.329690e-12         8.891940e-03      4.343510e-12         9.646700e-03      4.334620e-12         8.213170e-03      
3.984810e+01         4.302560e-12         3.052780e-03      4.289770e-12         1.762900e-03      4.302030e-12         3.442710e-03      
4.110127e+01         4.342030e-12         7.839630e-03      4.329430e-12         9.593670e-03      4.342840e-12         9.316410e-03      
4.235443e+01         4.331740e-12         8.450560e-03      4.343010e-12         9.689410e-03      4.331710e-12         9.867210e-03      
4.360759e+01         4.334040e-12         1.025350e-02      4.332180e-12         8.770580e-03      4.336970e-12         8.556870e-03      
4.486076e+01         4.339710e-12         8.313350e-03      4.339380e-12         1.071920e-02      4.332640e-12         8.408530e-03      
4.611392e+01         4.342160e-12         8.652010e-03      4.330430e-12         9.594330e-03      4.341950e-12         8.741810e-03      
4.736709e+01         4.335990e-12         8.120340e-03      4.333110e-12         8.951750e-03      4.335430e-12         9.506620e-03      
4.862025e+01         4.342950e-12         8.603310e-03      4.343340e-12         1.032900e-02      4.332150e-12         1.105190e-02      
4.987342e+01         4.335820e-12         1.170200e-02      4.328260e-12         8.611620e-03      4.336200e-12         8.220670e-03      
5.112658e+01         4.296500e-12         1.460140e-03      4.298200e-12         2.535950e-03      4.298880e-12         2.194920e-03      
5.237975e+01         4.338790e-12         8.665090e-03      4.334940e-12         9.066940e-03      4.338960e-12         9.189690e-03      
5.363291e+01         4.333500e-12         7.531480e-03      4.348970e-12         7.905000e-03      4.336010e-12         1.175630e-02      
5.488608e+01         4.347540e-12         1.017900e-02      4.329560e-12         1.100890e-02      4.330380e-12         9.067580e-03      
5.613924e+01         4.336720e-12         9.339100e-03      4.339130e-12         9.222200e-03      4.340720e-12         7.713630e-03      
5.739241e+01         4.336380e-12         7.666330e-03      4.337710e-12         1.041740e-02      4.332640e-12         8.576370e-03      
5.864557e+01         4.337330e-12         1.040100e-02      4.334200e-12         9.496660e-03      4.332190e-12         8.629490e-03      
5.989873e+01         4.295460e-12         2.660600e-03      4.298050e-12         1.919040e-03      4.297680e-12         2.408620e-03      
6.115190e+01         4.335740e-12         9.524080e-03      4.336890e-12         8.871220e-03      4.336350e-12         9.201620e-03      
6.240506e+01         4.299440e-12         2.313120e-03      4.298020e-12         2.151600e-03      4.296600e-12         2.178630e-03      
6.365823e+01         4.335980e-12         9.280970e-03      4.336780e-12         9.467680e-03      4.334270e-12         9.162620e-03      
6.491139e+01         4.335810e-12         8.776300e-03      4.335960e-12         8.141970e-03      4.337650e-12         8.335910e-03      
6.616456e+01         4.333660e-12         1.024080e-02      4.335040e-12         7.900310e-03      4.341680e-12         1.068210e-02      
6.741772e+01         4.337800e-12         7.907650e-03      4.332540e-12         9.932870e-03      4.336790e-12         1.004250e-02      
6.867089e+01         4.332270e-12         8.557250e-03      4.335340e-12         9.641430e-03      4.340020e-12         1.010680e-02      
6.992405e+01         4.296220e-12         1.436120e-03      4.293900e-12         2.405520e-03      4.296360e-12         3.784750e-03      
7.117722e+01         4.333960e-12         9.328420e-03      4.332860e-12         9.835980e-03      4.335770e-12         9.571520e-03      
7.243038e+01         4.334170e-12         9.025500e-03      4.330420e-12         7.567030e-03      4.346850e-12         7.653610e-03      
7.368354e+01         4.309890e-12         2.556750e-04      4.295830e-12         5.276610e-03      4.286650e-12         9.336310e-04      
7.493671e+01         4.337150e-12         9.543350e-03      4.335620e-12         9.634100e-03      4.339200e-12         9.803000e-03      
7.618987e+01         4.336960e-12         8.035950e-03      4.341100e-12         9.459160e-03      4.337850e-12         9.398260e-03      
7.744304e+01         4.298870e-12         2.980920e-03      4.299770e-12         2.013800e-03      4.294470e-12         1.898240e-03      
7.869620e+01         4.335490e-12         9.696260e-03      4.333830e-12         8.976040e-03      4.337450e-12         9.131650e-03      
7.994937e+01         4.335250e-12         8.308960e-03      4.337170e-12         9.783400e-03      4.336390e-12         8.302890e-03      
8.120253e+01         4.292900e-12         2.605930e-03      4.297560e-12         2.893950e-03      4.297770e-12         1.737620e-03      
8.245570e+01         4.332120e-12         8.514760e-03      4.339240e-12         9.331420e-03      4.332540e-12         8.838890e-03      
8.370886e+01         4.293670e-12         2.408810e-03      4.298660e-12         1.406470e-03      4.298420e-12         3.305710e-03      
8.496203e+01         4.332620e-12         9.223280e-03      4.336940e-12         8.957850e-03      4.333740e-12         8.854520e-03      
8.621519e+01         4.338710e-12         1.031860e-02      4.335670e-12         7.650360e-03      4.331850e-12         1.000690e-02      
8.746835e+01         4.337710e-12         8.641550e-03      4.335040e-12         8.961850e-03      4.335310e-12         9.140600e-03      
8.872152e+01         4.299530e-12         1.981800e-03      4.299060e-12         2.441460e-03      4.301810e-12         2.413900e-03      
8.997468e+01         4.339470e-12         9.691930e-03      4.333770e-12         9.829050e-03      4.335830e-12         9.776500e-03      
9.122785e+01         4.335150e-12         8.749040e-03      4.331040e-12         9.489790e-03      4.342120e-12         1.035180e-02      
9.248101e+01         4.300990e-12         2.283310e-03      4.297260e-12         2.576520e-03      4.296070e-12         2.202200e-03      
9.373418e+01         4.335550e-12         9.041730e-03      4.335580e-12         8.584970e-03      4.333820e-12         9.507250e-03      
9.498734e+01         4.336260e-12         9.249210e-03      4.334110e-12         9.530560e-03      4.331570e-12         9.530860e-03      
9.624051e+01         4.303500e-12         2.935380e-03      4.290230e-12         2.834650e-03      4.301020e-12         1.209950e-03      
9.749367e+01         4.332720e-12         1.028310e-02      4.341130e-12         9.022980e-03      4.336940e-12         8.366580e-03      
9.874684e+01         4.337370e-12         9.559420e-03      4.339790e-12         9.072150e-03      4.338620e-12         8.272130e-03      
1.000000e+02         4.296430e-12         6.837010e-04      4.291170e-12         1.895800e-03      4.297480e-12         2.924830e-03      
