Source-Voltage [V]    Capacitance 1 [F]    Dissipation 1     Capacitance 2 [F]    Dissipation 2     Capacitance 3 [F]    Dissipation 3     
1.000000e+00         1.036500e-10         1.661620e-01      1.047380e-10         1.666400e-01      1.046400e-10         1.664570e-01      
2.253165e+00         2.706550e-11         1.145280e-03      2.705050e-11         7.873350e-04      2.704780e-11         1.138190e-03      
3.506329e+00         2.297790e-11         -3.121120e-04      2.296680e-11         6.133400e-05      2.296760e-11         1.800160e-04      
4.759494e+00         2.064010e-11         1.632130e-03      2.063850e-11         1.395120e-03      2.063310e-11         1.198270e-03      
6.012658e+00         1.901110e-11         6.200220e-05      1.900370e-11         7.845670e-05      1.900080e-11         -1.357430e-05      
7.265823e+00         1.785090e-11         1.722210e-03      1.784940e-11         1.638960e-03      1.785190e-11         1.714080e-03      
8.518987e+00         1.692400e-11         1.953830e-03      1.692110e-11         2.134180e-03      1.693240e-11         1.751440e-03      
9.772152e+00         1.614210e-11         1.652040e-04      1.613450e-11         5.682900e-04      1.612960e-11         1.243130e-04      
1.102532e+01         1.551910e-11         2.084700e-03      1.551790e-11         2.181540e-03      1.552030e-11         2.049160e-03      
1.227848e+01         1.499520e-11         2.078760e-03      1.499110e-11         2.398950e-03      1.498700e-11         1.963400e-03      
1.353165e+01         1.453840e-11         2.601970e-03      1.453550e-11         2.110610e-03      1.453300e-11         2.467320e-03      
1.478481e+01         1.413130e-11         2.529920e-03      1.412980e-11         2.274370e-03      1.413070e-11         2.248400e-03      
1.603797e+01         1.374050e-11         1.572700e-05      1.373790e-11         7.136870e-04      1.373470e-11         -1.969680e-04      
1.729114e+01         1.345420e-11         2.042430e-03      1.345870e-11         2.812290e-03      1.345140e-11         2.258990e-03      
1.854430e+01         1.317500e-11         2.574890e-03      1.317300e-11         2.840560e-03      1.316780e-11         2.802020e-03      
1.979747e+01         1.286980e-11         3.802940e-04      1.286780e-11         2.342970e-04      1.287030e-11         1.987410e-04      
2.105063e+01         1.267000e-11         2.760210e-03      1.266950e-11         2.899770e-03      1.267140e-11         2.775950e-03      
2.230380e+01         1.241060e-11         3.503320e-04      1.241740e-11         3.314020e-04      1.240980e-11         3.924580e-04      
2.355696e+01         1.224950e-11         3.044410e-03      1.225310e-11         2.567200e-03      1.225010e-11         3.281750e-03      
2.481013e+01         1.206290e-11         2.867850e-03      1.206520e-11         2.869530e-03      1.206350e-11         2.898360e-03      
2.606329e+01         1.189340e-11         2.992200e-03      1.189500e-11         3.158760e-03      1.188960e-11         3.154960e-03      
2.731646e+01         1.173520e-11         2.922580e-03      1.172230e-11         2.871480e-03      1.173320e-11         3.221380e-03      
2.856962e+01         1.157940e-11         2.885420e-03      1.157770e-11         2.815140e-03      1.157440e-11         3.047410e-03      
2.982278e+01         1.143560e-11         3.074260e-03      1.143380e-11         3.008820e-03      1.143310e-11         3.101250e-03      
3.107595e+01         1.129690e-11         3.440360e-03      1.130020e-11         2.818120e-03      1.129110e-11         2.748790e-03      
3.232911e+01         1.117100e-11         2.602090e-03      1.117280e-11         3.499960e-03      1.116770e-11         3.243410e-03      
3.358228e+01         1.101250e-11         3.141920e-04      1.100670e-11         5.112400e-04      1.101530e-11         3.748300e-04      
3.483544e+01         1.094110e-11         3.389660e-03      1.093920e-11         3.393420e-03      1.093800e-11         3.270360e-03      
3.608861e+01         1.083220e-11         3.050760e-03      1.083260e-11         3.278740e-03      1.083160e-11         3.330320e-03      
3.734177e+01         1.069380e-11         4.501910e-04      1.069010e-11         9.138380e-04      1.068810e-11         4.202390e-04      
3.859494e+01         1.063320e-11         3.570960e-03      1.063670e-11         3.054790e-03      1.063310e-11         3.158500e-03      
3.984810e+01         1.050160e-11         6.360370e-04      1.049820e-11         5.093240e-04      1.050030e-11         1.798840e-04      
4.110127e+01         1.045380e-11         3.718640e-03      1.045140e-11         2.693210e-03      1.045770e-11         3.786210e-03      
4.235443e+01         1.036490e-11         3.548840e-03      1.037170e-11         2.797730e-03      1.037260e-11         3.875100e-03      
4.360759e+01         1.025460e-11         1.868200e-04      1.023990e-11         4.988070e-04      1.024930e-11         8.717580e-04      
4.486076e+01         1.021050e-11         3.629440e-03      1.021220e-11         3.552240e-03      1.021360e-11         3.407240e-03      
4.611392e+01         1.013770e-11         3.331500e-03      1.013390e-11         3.443490e-03      1.013590e-11         3.344080e-03      
4.736709e+01         1.006690e-11         3.478680e-03      1.005840e-11         3.160880e-03      1.006800e-11         2.331850e-03      
4.862025e+01         9.976190e-12         5.191280e-03      9.976390e-12         5.621320e-03      9.971860e-12         3.164960e-03      
4.987342e+01         9.906980e-12         -8.601210e-04      9.879550e-12         1.596730e-03      9.909010e-12         -3.336190e-04      
5.112658e+01         9.869080e-12         2.120950e-03      9.852590e-12         4.508850e-03      9.881470e-12         3.134370e-03      
5.237975e+01         9.757300e-12         -1.277070e-03      9.785720e-12         1.332550e-03      9.755960e-12         3.144260e-03      
5.363291e+01         9.723180e-12         5.404860e-03      9.737640e-12         6.565220e-03      9.763630e-12         6.086490e-03      
5.488608e+01         9.637410e-12         -1.721950e-03      9.627410e-12         1.455290e-03      9.660450e-12         3.166490e-03      
5.613924e+01         9.613050e-12         5.231770e-03      9.626200e-12         6.551260e-03      9.636950e-12         6.567110e-03      
5.739241e+01         9.593480e-12         1.397130e-03      9.561820e-12         1.772610e-03      9.561040e-12         5.609650e-03      
5.864557e+01         9.491890e-12         2.732780e-03      9.486330e-12         -1.265200e-03      9.499290e-12         1.162640e-03      
5.989873e+01         9.476220e-12         3.982370e-03      9.479100e-12         4.083900e-03      9.484740e-12         3.609520e-03      
6.115190e+01         9.390720e-12         1.145490e-03      9.391530e-12         -2.806980e-04      9.394900e-12         1.256040e-03      
6.240506e+01         9.384850e-12         3.234810e-03      9.380820e-12         4.305310e-03      9.382510e-12         3.092810e-03      
6.365823e+01         9.338870e-12         3.983450e-03      9.338390e-12         3.272320e-03      9.332360e-12         3.397890e-03      
6.491139e+01         9.298270e-12         3.648690e-03      9.287900e-12         3.437400e-03      9.300360e-12         4.231570e-03      
6.616456e+01         9.251390e-12         3.677360e-03      9.251130e-12         4.027650e-03      9.250260e-12         3.995210e-03      
6.741772e+01         9.209200e-12         3.750210e-03      9.207420e-12         3.971600e-03      9.209770e-12         4.341000e-03      
6.867089e+01         9.169780e-12         3.345070e-03      9.169990e-12         4.367960e-03      9.160620e-12         3.730580e-03      
6.992405e+01         9.121560e-12         3.503290e-03      9.123960e-12         4.308420e-03      9.126290e-12         3.907310e-03      
7.117722e+01         9.038360e-12         9.635070e-04      9.041050e-12         1.796570e-04      9.050200e-12         -4.172570e-04      
7.243038e+01         9.053780e-12         3.451200e-03      9.051370e-12         3.773790e-03      9.049600e-12         3.991240e-03      
7.368354e+01         9.007840e-12         4.033770e-03      9.012350e-12         4.492250e-03      9.018090e-12         3.614080e-03      
7.493671e+01         8.980650e-12         4.234370e-03      8.975010e-12         3.381560e-03      8.971550e-12         4.000510e-03      
7.618987e+01         8.943900e-12         4.459780e-03      8.930260e-12         4.472790e-03      8.941450e-12         2.123260e-03      
7.744304e+01         8.891310e-12         6.434820e-03      8.921540e-12         6.581850e-03      8.930520e-12         5.188250e-03      
7.869620e+01         8.829910e-12         -2.310080e-03      8.806530e-12         2.629080e-04      8.818930e-12         2.934920e-03      
7.994937e+01         8.853720e-12         4.909660e-03      8.823960e-12         3.420350e-03      8.852980e-12         2.997010e-03      
8.120253e+01         8.809290e-12         4.148780e-03      8.809520e-12         4.006430e-03      8.810740e-12         3.642930e-03      
8.245570e+01         8.731880e-12         3.062290e-04      8.744080e-12         5.587820e-04      8.732160e-12         8.570980e-04      
8.370886e+01         8.752160e-12         3.989190e-03      8.740420e-12         3.438560e-03      8.746420e-12         4.587960e-03      
8.496203e+01         8.718390e-12         3.615520e-03      8.714560e-12         3.741630e-03      8.716350e-12         4.198970e-03      
8.621519e+01         8.692520e-12         3.022280e-03      8.689640e-12         5.647100e-03      8.681200e-12         2.047040e-03      
8.746835e+01         8.658510e-12         2.094440e-03      8.662430e-12         5.731150e-03      8.645360e-12         2.718130e-03      
8.872152e+01         8.624260e-12         1.416750e-03      8.628340e-12         6.043090e-03      8.628410e-12         1.535430e-03      
8.997468e+01         8.605880e-12         4.389360e-03      8.602440e-12         4.166410e-03      8.600050e-12         3.776790e-03      
9.122785e+01         8.568900e-12         4.385210e-03      8.573210e-12         3.422270e-03      8.573300e-12         3.939610e-03      
9.248101e+01         8.508300e-12         5.173860e-04      8.507800e-12         2.133420e-04      8.508010e-12         2.635110e-04      
9.373418e+01         8.518200e-12         4.255240e-03      8.519040e-12         3.577970e-03      8.524420e-12         3.611700e-03      
9.498734e+01         8.454010e-12         -4.577500e-05      8.458930e-12         1.165150e-03      8.453730e-12         -3.257840e-04      
9.624051e+01         8.470450e-12         3.534420e-03      8.467270e-12         4.216590e-03      8.472210e-12         4.501260e-03      
9.749367e+01         8.403120e-12         1.077820e-03      8.407360e-12         7.951390e-04      8.406280e-12         2.225840e-04      
9.874684e+01         8.425710e-12         4.721680e-03      8.417620e-12         3.489000e-03      8.426950e-12         4.136970e-03      
1.000000e+02         8.398940e-12         3.418970e-03      8.399890e-12         4.700870e-03      8.395930e-12         3.380790e-03      
